//INFOR -- Input data of 12-bit, 4-input FFT
//INFOR -- Sample    Input data
                0    -454    -78     686    370    -547   1668    -253    153  
                1   -1092   -177   -1235  -1575    -136   1522     809   -477  
                2     501   1622    -129   -714     711    765   -1546  -1496  
                3    1928   -312   -1230   1034   -1200   1323     923    392  
                4    -802   -436   -1283    698    -815    510   -1195    140  
                5   -1713   -382     613    198    -907   -624    1768   1642  
                6   -1048   -407   -1119   1710   -1689   -617   -1832  -1807  
                7    1117  -1014    1274   1964   -1738    151     310   -492  
                8    1763   1074   -1841  -1099    -461   -988    1089   -127  
                9     676   -344   -1976   1817    1079   1840    1412  -2016  
               10    -614  -1754    1742   -255    -324   1958     -14  -1253  
               11   -1103   -787   -1336   -794    1412   1022     760   1128  
               12      49    966   -2018   1635    2026   1119    -538    655  
               13   -1272   -467     426   1855    -673   -208    1887    759  
               14      85   1582   -1542   1809    1493    490   -1491  -1656  
               15    1751   -779    -403   1116   -1804  -1689     197    293  
               16    1325    227    -118   1304    -700   1391     -86     75  
               17   -1122  -1707    -116    251     131   -276   -1036  -1830  
               18    -740   -530    2026  -1294    2007  -1511    -903   1711  
               19    -243    741     780      0    1099  -1068   -1753    377  
               20    1206    176    -364  -1541    -479   1596     581    445  
               21    1936  -1582   -1350     21     189   -338     239   1496  
               22    1178    218   -1844   1139     755   -699     804  -1534  
               23   -2005   -461     513   1142     517    807    -526   -323  
               24   -1063   1156     183    505     706  -1282   -1096    596  
               25    -816   -398   -1429   1420    1310    857     869    442  
               26    -970   1073    -464   1832   -1673  -1707   -1749  -1631  
               27    -120    812    1559  -1650    -427  -1014      74    557  
               28   -1904  -1789    -983    850   -1023    -32    -600    207  
               29    1617     17    -418    880   -1171  -1596    -723    -93  
               30    1525    860    -307   1899    1201     -8   -1778   -966  
               31   -1243   1828    -568    377   -1232   1553   -1111  -1088  
               32    1812    -47    1809  -1258    1968   -837     997   1538  
               33    1227  -1468     372  -1990   -1016   1697     -35  -1538  
               34     510   1704   -1686   -335    -351  -1417     745    453  
               35   -1635  -1869   -1215   -820    1732   -279     139   1497  
               36    1721    -98   -1807   1642    1111   1237    1133    292  
               37    1816   -540     350  -1247    -890  -1732    -737   1667  
               38    2020   -376    -715   -377     254  -2016   -1971    666  
               39   -1838  -1138    1894   1941     629    -13    1392    304  
               40    1936   1632    -100   1001     822  -1013    -752    591  
               41     494   1646    1392   1651    1962  -1392    1272   1935  
               42     279  -1489    -489  -1513   -1458   -412    1201  -1248  
               43     496   1048   -1353   -920   -1011  -2008    1431  -1121  
               44    1671   -715    1928    447     319   -870   -1007  -1233  
               45   -1271  -1662   -1629  -1356   -1006   1690   -1467   1321  
               46   -1846     91    1855  -1256    1727   1010    -456    176  
               47      12    237    1304   1048     276    689    1975    -98  
               48    2021   1856   -1698    293   -1061   -658    1108   -284  
               49    -272   1526     407    769    1170    987      43   1372  
               50    -968   -147   -1930  -1287   -1184   -339     936    875  
               51    1945    194    -122    175   -1163   -194   -1969  -1188  
               52    -385  -1620    1153    601    -230    214   -1730   1545  
               53    -305    724     267  -1181    -334  -1735   -1855    745  
               54     165  -1738    1505   1028     -29    395    -142   -130  
               55   -1457   1783   -2002   -572    -458  -1923     286   1204  
               56   -1495   -607    -240    321    1655     76    -179   -697  
               57   -1245  -1958     168    467   -1646    361    -834    566  
               58     670  -1376    -451  -1406    1066   1454     510   1657  
               59    1190    556    -962  -1314     681   1372    1937   1233  
               60   -1282   -350    -491  -1673    1774   1376    -322  -1518  
               61    1465   1893     997   1867     208  -1884     387  -1168  
               62   -1212   1984    -526   1902    1391   2032    1512    534  
               63     542  -1496    1267   -823    1923   1158   -1637  -1405  
               64   -1238    -81   -1031  -1511    -752    693    -982  -1333  
               65     540  -2032   -1512  -1298   -1868    922    -418  -1032  
               66     859   1102   -1177    203    1088  -1711   -1308   -416  
               67   -1160   2007     807  -1283    1119   1217    -640   1928  
               68    -910    375   -1630    385    -977   -564    1099   1611  
               69    -549   1635   -1733   -369     510   -104     645   -677  
               70   -1048   1515    1574  -2007    1852  -1780    -375  -1354  
               71   -1819  -1615    -590   1347    1650    816    1228  -1306  
               72    -854   1645    1126    216    -965    179    -219    532  
               73    -232     95   -1883  -1769    2038    809    -398  -1056  
               74     278   -870   -1015     83    -602    656     776   -374  
               75    1089  -1860   -1073    693    1004  -1891    1434  -1896  
               76    1802    514     367  -1210   -1353  -1898    1369    462  
               77     244   1533     741    236     296  -1703    1228  -1472  
               78    -526  -1834     658    919     869   -611   -1501    -87  
               79    -423   -527   -1441  -1466    -370   2041   -1314   -615  
               80     508   1101     221   1203    1251   -456    -381   -550  
               81    -969  -1687    1733   1375   -1343    915    1950    178  
               82    1128    562    -948    -48    1999   -402    1912   -471  
               83    1118  -1576     110  -1299   -1581    843     132    974  
               84    -101  -1693     131   -897    -101   1797     599    977  
               85   -1936    286     305  -1231    -845    209     994  -1763  
               86   -1275  -2001     236  -1323    -355    101     253  -1283  
               87     572  -1683    -535   1039    1208   1645     -32   -940  
               88    2000  -1948     210   -147    1897  -1236   -1216   2008  
               89    1097   1137   -1269  -1794    -700   1772   -1509     72  
               90    1819    774     797   -582   -1171   -996     181   1449  
               91    -631   1694     441  -1469    1293  -1638    -361   1246  
               92   -1538   1896    -947  -1688   -1387   -116   -1726   1758  
               93   -1026   -948    2012    321   -1222  -1544   -1653  -1449  
               94    1277   1191      16  -1940   -1851  -1849    1556   -434  
               95    1893    -48     143   1139     361   1829     339    870  
               96    1679   1439    1230  -1754    -723   1552   -2042    298  
               97   -1443   2017   -1427   -617   -1573  -1033     -18   1752  
               98   -1888   2045    1859  -1691   -1851   1368     -78  -2004  
               99    -726  -1981    1183   1682    1896   -524     505   1528  
