//INFOR -- Output data of          12-bit,           4-FFT
//INFOR -- Sample       Data
6              -143      528      153    -1342     -718      533     -124     -808 
7              -414     -177    -1027      171     -402     1697      141    -1695 
8              -116       44      285     -281     1443      248     -992      220 
9               105      609      859     -766      517     -208      435    -1740 
10            -1024      228      284     -430      429     -382     -546    -1034 
11              -60      208    -1125      698     -451    -1424      637     -914 
12            -1423     -281     1052     -252      105     -464     -828      919 
13              240      152      605    -1065    -1104    -1168      397     -202 
14              137     -285     -399      446     1025      655     1145     -868 
15              297      324      689      601     1157      847     -137    -1474 
16              197     -326      353    -1710    -1334      855    -1288       91 
17              -67      142    -1195     -882      441      -50     1453    -1856 
18             -121     1093     -500      662      264     -104     -909    -1634 
19               91      484      247      600      -81    -1646    -1696    -1722 
20             -364      556        3      571      256      959     -773     1039 
21              -65     -265     1162      754       75    -1938      681      309 
22              105      749     1625     -567      413      119      795    -1196 
23             -536     -891     -612    -1176       79     -202    -1284     -512 
24              597     -407     -828       50       71    -1230      257     1857 
25              -30       12     -860      662      913     -352     -964      240 
26              235      169     -152     -238      253     1433     1618     -317 
27              253     -101      134      172     1617    -1718     1170     -785 
28              223     -220      521      756     1485      -44     -202      315 
29             -376      291      495    -1153     -738     -236    -1936     -230 
30             -318      243     -931     -445      277     -614    -1678     1665 
31              -17      580      450     -504      525     -702    -1054    -1504 
32            -1215     -109     1056     -277     -216     -418     -712     2013 
33              271     -324       73      170    -1090      445      463     1258 
34            -1128     -192     -121     -688     -672    -1440    -1524      -93 
35             -174     -199      854      653      793    -1184     -234     1913 
36              160      446      568     -302      356      -40     -492      286 
37            -1039      667      725     -135     -398     2045    -1476      813 
38             1646     -151     -452      -12      485     -582      589     1599 
39              136     -825     -130     -762      -64     1877      643     -712 
40             -196      101       35      726      549       83     1645      687 
41             -245     -368     -794     -119      585    -1412    -1050     -895 
42              539      768      979     -223     1751     -398     -740     -177 
43              134     -463     -105       52      655    -1346     1519      226 
44             -103     -526      360      191      430    -1340      758      844 
45              519      273      608     -814     -199    -1698       -5     -624 
46              476      552      761      -29     1803     -488      703     1245 
47             1280      960     -876      434     -104    -1666    -1184     1107 
48             -117    -1166      734      305     -946      429     1999     -719 
49             -110     -751      852      870     -298      539     1305      271 
50              727     -593     1515     -366      533     -400     -328     1037 
51            -1344       -2     -448     -571      407       31      361    -1464 
52              319        5    -1479     -591     -760     1089      -94     -660 
53              891      469      440      109    -1496      -12    -1410    -1124 
54               92      301      803      610      773      593      455     -292 
55              337     1163    -1023       86      223      185     -838      899 
56             -787     -225       51      503     -580      -38      327     -626 
57             -328     -254     1209     -730     1435      505     -304      182 
58             -299      185     -550    -1334      -20    -1776      787    -1002 
59             -557     -362     -950      167      473     -288     1951      479 
60              374     -112      675     -866     -614    -1122     -964     1559 
61             -908      123    -1388      947     -100     -386      775     1417 
62              -65     -227      -42     -312      289      -78      -69     -746 
63             -890     -142      149     -637    -1114    -1316      497      729 
64              448       82     -706       90      837      -86      617    -1742 
65              711      461        4       17      447     1003     1005    -1666 
66              -81     -542     -582     -779      651       58     -852    -1896 
67              764      176     1119      558      143     -346      269      286 
68              291     1613      406      994     -404      789    -1922      -37 
69              523     -642     -401     -730     1415      943    -1964      249 
70            -1001     -558     -332     -363       11     1727     -308     -824 
71             -815     -860       46       94      299      609      623    -1998 
72             -135     -206      193      316      166     -198     -848      891 
73               31      967     -697     -329     -104     1289      931      184 
74             -605      451     -581      808     -678    -1094     1289      255 
75             -282      121     -377     1032      523     1287    -1368     1407 
76              500     -907     -753     -352     -198     1547     -198     1142 
77              117     -190     -410      717     -404     -420    -2024     -151 
78             -229      643     -104       60    -1364      537      423      758 
79             -119     -481     -468      385     2043     1863      491     -151 
80             -141     -127      667      132      -42       37      423    -1269 
81              613    -1239      310      243      865    -1274     -456     -430 
82              546     -533     -284      681     -644     -318      726     -640 
83              627     -352      827      836     -714      531    -1760      697 
84             -126     -404     -196     -667      591    -1640     -353    -1116 
85             -888     -142     -453     -196      979     1797      797     -646 
86              399      324      503      476      957       -4     -447      106 
87              342      195      784     -168     -949    -1162     -822     -770 
88             1022      -90     -226      886     1079      339    -1294      151 
89              -56     -265      211     -175     -354     -204      871     -392 
90              132       46     -937     -487     -466       11     1873    -1908 
91             -371     -625     -281      382    -2040     1743    -1624     -614 
92             -286    -1127     -480      -18    -1060      351     -880      -70 
93              303       15      670     -388     1173      -68     -565    -1782 
94              722     -331       -3    -1069      400     -473      207      713 
95             -596      296      -36     -438     1585      264     1610     -396 
96              406      161     -546      576     -166     -544      922      334 
97              185      -42    -1296      240      289      139    -1258       34 
98            -1400      462     -775      616     -126      853     1243      738 
99             -473     -905      982     -510    -1304     -682    -1574      160 
100             249     -758     -214     1264    -1074      857      534     -550 
101             684      947      899     -842      885     -114     1263      -25 
102              36      383      174     -669      883      172      353     1107 
103           -1116      529      -96     1204     -786      -76      449     -410 
104           -1116      529      -96     1204     -786      -76      449     -410 
105           -1116      529      -96     1204     -786      -76      449     -410 
