//INFOR -- Output data of 12-bit, 4-input FFT
//INFOR -- Sample    Output data
                0     799   1127    -440    699     -20    233     347   -544  
                1    1232    914     543   -234     959   -346    -335    911  
                2     681    946    -407   -293    -628   -804    -410   1869  
                3    1272   1535    -788    781     185    591    1567  -1392  
                4    1126    705    -258   -535     173    761     463   -451  
                5     835    813    -328     39     193   -294      71   -960  
                6    1178    442     624    660     181    399     689  -1654  
                7    1257    937    -356    573      55  -1222    -165  -1548  
                8     679   1062     370   -471    -266   -984    -438    813  
                9    1514    844   -1026   -475    -238    153     675    673  
               10    1007   1072     390   -741    -212   1043    1815   1389  
               11    1213   1329     137    331     797  -1162     649    151  
               12    1103    911      41   -514    -372  -1540     577   1047  
               13    1180    944    -673  -1057     383    -56    -186   1493  
               14    1325   1502    -665     36    -566    865    -454   -138  
               15     727   1106    -868  -1303     247     89    1747   -790  
               16     551   1004     -65    482    -954    115     233    566  
               17    1521    748     -24   -585    -582    771   -1158  -1532  
               18    1075    803     680    144     847    353    -634   1427  
               19    1034   1269    -155   1112     163   -646    -744   -314  
               20     822    588    -190    624    -114    713   -1162  -1102  
               21     972    767     387    436     327    139     147    345  
               22    1333   1590     770   -238    -342    727    1579    163  
               23     642    826     801    259     211    441    1047   1937  
               24    1062    504     -78    -91     673   -218     215    493  
               25    1411    917    -828     36     401   -148    1039   1475  
               26     873    789    -693    709    -994   -970    1029   -728  
               27     964    986     968   -141    1049   -464    -718    265  
               28    1275   1082    -320   -118     195    665      75   -638  
               29     869    733    -715   -178     331   -612     569   1819  
               30     666    724    -231    822     333   -434    -716    293  
               31     522   1438     622     77    -140   -448      49    637  
               32     950   1588    -619   -495    -600   -462    -694   1745  
               33    1236    989     440    707    1363    443    -710    995  
               34    1347    824     -93    419    -244   -660    1693    467  
               35    1349   1341     315  -1147     129   -444      39  -1274  
               36     779   1285      36   -622      -6    -34     822   -160  
               37    1417   1272     -45   -178     123    197    -272  -1290  
               38    1110   1069     125   -619    -576    107   -1312    417  
               39     605   1128     -44   -502     791   -460     262   -680  
               40     412    634    -218    -86     123    935    -698    479  
               41    1235   1321     421   -141     559   -472    1033   1173  
               42    1470   1082    -141   -555     525    141     469    -27  
               43    1023    954    -506    238    -652   -126    -252    866  
               44     733   1259    1400   -888     -10    361    -818   1027  
               45    1062   1370     351    470   -1058  -1156     733   1311  
               46     767    370    -106    486    -626   -190     739   -414  
               47    1199    743     388   -205     859     77     209    588  
               48    1223   1404     117   1148      61   -826     657   -478  
               49    1861    778     -68    208     -74   1237     411     93  
               50     920   1315    1126   -573     649    -14    -490  -1428  
               51    1063   1020    -202   -838    -504   -398      90  -1004  
               52    1088   1741     322    282   -1146   -474     863      5  
               53     622   1136      77    209     389   1285     -68  -1256  
               54     573   1083     134    -46     739    271   -1606    695  
               55    1155   1269      24    834    -156   -886     515    981  
               56    1411   1331    1262   -177    -818   -322     701   -812  
               57    1158   1141     214     72     555     45    -185    918  
               58    1684   1064     143   -851      31    321     -60   -902  
               59    1093    719     233    192    -218    815     873   -913  
               60     968    690     116   1508    -216    521   -1254    -30  
               61    1027   1717    -575  -1040    -186    -38    -127    803  
               62     495    907    -371   -566    -392    297    1721   -161  
               63    1090   1386    -703   -221    -798    133     -42    -58  
               64     980   1059   -1202    721    1185   -202    1035   1553  
               65    1104    613    1048   -696    -498   -754     825   1059  
               66    1084   1218    -605    269    -618    501     277  -1772  
               67    1025    867     -73    649      49   1439     177  -1612  
               68     834   1020     162    -77     -34  -1052    1719  -1436  
               69    1365   1529    -576    -59    -272    -70     415  -1496  
               70     796   1120     639    497    -232  -1192      51   -628  
               71    1449   1046     587     60     253    657     287    735  
               72    1227   1419     343    299    -654   -320     737   1157  
               73    1049    928     712    238     189   -814    1647   -466  
               74     858   1462     253    266    -500   -586    1593   1575  
               75    1109    592    -255    604    -596   -866   -2000   -738  
               76    1015    888     740    807      25   1351    1369  -1708  
               77    1096    417    -317    132   -1106    279   -1288   -474  
               78     996    971   -1590   -258      67   -388     103   2027  
               79    1007    872    -763   -277     -48    685     301    669  
               80     882    853     367    -81    -646    203    -252    -74  
               81    1073    827    -334   -234     585   -318    1279    199  
               82    1466    789     864    -84    -474  -1314     925    295  
               83    1064   1053     608   -452    -766    813    1435  -1426  
               84    1552   1045    -401     28    -434   -494    -964   -218  
               85    1174    746    -376   -650     563   -436     679     86  
               86     902   1156    -837    358     631      5   -1266     10  
               87    1193   1180     363   -820     521    583   -1172   2015  
               88     855   1769    -252   -248   -1110   -282    -336    851  
               89     706   1154    -372    350     -84   -984    -990   -242  
               90     696   1170    -691    998    -714    407    1433    137  
               91     573   1248     446   -191    -136   -174   -1474   1001  
               92     969   1660    -718    468     275    361    -280   -130  
               93     730    979     630    410    -978     19    -742   1659  
               94     383    778    -182    421    -146    243      35   1941  
               95     790    759     355    234      69    581      24     -2  
               96    1026   1079    -544   -737     -92    333     883    192  
               97    1147   1067    -362     52     265   1275   -1930   -638  
               98     665   1550     736    439     149   -302    1129   1249  
               99    1183    695     586   -127    -306    315     798   1377  
